-71.91840 -31.45110  32.6000
-71.37180 -30.73020  53.4500
-71.95160 -31.83020  32.9500
-72.05250 -31.79530  21.9375
-71.36580 -30.27790  54.7000
-71.36890 -30.84500  51.7625
-71.39360 -30.85510  50.8500
-71.96780 -30.44610  33.6500
-71.75470 -31.00250  36.5875
-71.54070 -31.76910  40.9625
-71.94860 -30.66490  27.7000
-72.13580 -30.09380  34.9625
-71.38690 -30.72480  53.4375
-71.91710 -31.84350  33.5000
-71.44150 -31.60070  46.3000
-71.70050 -31.76850  31.8500
-71.34650 -30.72060  53.1250
-71.93490 -32.13350  37.2375
-71.70850 -30.44730  33.4375
-71.87660 -31.44860  33.1500
-72.09440 -31.38630  43.1000
-71.71780 -30.62800  34.1375
-71.67300 -31.15130  36.2125
-72.28170 -29.78990  44.0000
-71.64470 -30.27900  37.0375
-71.62520 -31.66390  34.1875
-72.06640 -30.38760  33.8500
-71.56010 -31.23380  42.4125
-70.20170 -32.14390 107.5620
-71.65550 -30.33090  34.1125
-71.62510 -31.58470  34.8625
-71.72920 -30.62970  33.7625
-71.73270 -30.62240  35.8500
-71.72140 -30.61940  35.0250
-71.73670 -30.63390  34.1875
-71.73630 -30.63110  34.9500
-71.42780 -30.80230  48.8125
-71.59820 -30.28930  39.9375
-71.68640 -31.51170  35.0625
-71.71150 -30.64140  36.8250
-71.74960 -30.39810  40.2500
-71.36480 -30.74590  52.0625
-71.79490 -31.54550  34.2750
-72.14740 -31.86940  35.0125
-72.07770 -31.79400  27.0000
-72.08920 -31.84730  23.2375
-72.07800 -31.84020  29.2875
-72.03980 -31.80760  28.5750
-72.23540 -31.87620  37.4375
-72.08800 -31.77350  31.5250
-71.59400 -31.72680  34.3625
-72.19250 -31.84500  39.5250
-72.02470 -31.78170  27.7750
-72.17630 -31.83080  36.7500
-71.35520 -30.75510  53.1750
-72.14760 -31.77810  33.3500
-72.06780 -31.83450  33.5500
-72.10880 -31.68030  35.0125
-71.70370 -30.67690  36.6000
-72.29560 -31.35550  46.4250
-71.88260 -30.74650  33.7500
-71.92320 -30.74270  35.3250
-72.06940 -30.60750  26.5625
-72.04160 -31.72920  26.8750
-71.79960 -32.26340  24.0750
-72.30850 -30.31480  29.5625
-72.21170 -30.31410  37.3625
-71.74310 -30.68820  35.0000
-69.63670 -32.14190 144.5620
-71.67380 -30.32770  38.7625
-72.06310 -31.43690  26.5000
-72.20910 -30.17220  39.5125
-71.36020 -30.71650  53.1500
-71.94180 -31.67560  33.7625
-69.58020 -31.46220 145.1370
-71.45240 -30.29620  51.2125
-71.66510 -30.61230  39.4375
-71.76000 -30.41740  40.7375
-71.71250 -30.44350  39.4875
-71.41170 -31.60870  44.6625
-71.43170 -30.78470  48.8625
-71.67450 -30.62640  39.5125
-71.64170 -31.99380  30.7750
-72.20190 -30.42040  35.5000
-71.78480 -31.62680  29.4250
-71.63760 -30.90610  38.6875
-72.08110 -31.69400  32.8250
-72.09310 -31.69140  32.9750
-72.09960 -31.69930  22.5125
-72.17920 -30.50410  32.8625
-69.57970 -31.45890 142.7000
-72.24250 -30.17020  39.5125
-71.64960 -29.77320  51.6500
-72.17530 -29.90810  36.5125
-71.99180 -30.59750  31.6125
-71.42680 -30.77110  48.2625
-71.85570 -30.38290  36.4000
-71.45010 -31.92110  43.6250
-71.67300 -31.48680  36.3625
-72.27210 -31.66290  39.7875
-72.16780 -30.34800  37.0625
-71.71280 -30.65810  44.3250
-71.60720 -30.89250  41.5250
-71.34080 -31.44100  52.8875
-71.91830 -31.73660  33.1000
-71.69540 -30.84720  36.5875
-71.71330 -30.85650  35.3500
-71.69500 -30.85680  36.4125
-71.87010 -30.75780  35.0625
-69.76530 -31.70920 138.6750
-71.69890 -30.87640  37.5125
-71.73680 -30.67180  35.5250
-72.58330 -30.72700  48.6750
-69.63730 -31.66040 143.0620
-69.05160 -31.20560 174.5120
-69.98210 -30.91180 127.8750
-71.87350 -30.74490  32.2500
-71.32110 -31.00190  52.5250
-71.94120 -31.77670  33.2500
-71.67380 -30.59810  39.2500
-72.13370 -30.46030  34.0000
-71.60570 -30.63560  43.4250
-71.47170 -30.72610  46.0250
-72.01890 -31.69780  30.4000
-72.16350 -30.17290  38.6375
-71.62950 -30.69550  38.7500
-72.62480 -31.18520  46.0500
-71.67300 -30.63510  39.8500
-72.09220 -30.37270  34.2875
-71.99310 -30.62250  29.4125
-71.99910 -31.69940  31.4750
-71.73900 -32.23970  35.1375
-71.66320 -30.86550  37.8125
-71.92680 -31.73060  30.3875
-71.69460 -30.45150  32.8000
-72.30300 -30.36370  38.0125
-71.65910 -30.35660  33.4625
-71.01870 -31.93260  72.7375
-71.45470 -31.58540  44.8875
-71.47210 -30.84590  44.9500
-71.73170 -30.67320  36.2000
-71.52540 -30.37540  44.5250
-71.74630 -31.49060  35.0625
-72.02090 -30.59660  32.0750
-71.73820 -31.49440  34.4250
-71.64880 -30.61730  38.4375
-72.11910 -31.27960  30.5875
-71.37660 -30.78260  50.9375
-71.77410 -30.36980  38.0125
-71.77040 -32.13350  31.5625
-72.11330 -31.25630  32.8125
-71.70820 -30.68660  35.1500
-71.33110 -30.46500  53.3000
-71.95300 -31.85360  27.8375
-71.67590 -30.61360  38.3000
-71.30550 -30.65510  55.1500
-72.37810 -30.31060  34.1500
-69.88500 -31.79300 127.7500
-71.40610 -30.90320  50.9875
-72.14070 -30.30420  34.2500
-71.25010 -30.63090  56.9375
-71.89540 -31.78710  27.4875
-71.41780 -31.54740  46.3125
-72.08670 -30.38060  35.1625
-72.04920 -31.55300  26.0875
-71.96360 -31.71830  30.9250
-71.23550 -30.83160  56.7750
-71.96640 -30.43790  32.4875
-72.24970 -30.28700  38.3750
-72.19860 -32.44540  38.5875
-71.33950 -31.06940  52.9250
-71.97120 -30.60810  32.8750
-71.42050 -31.36270  49.6500
-71.96850 -30.67540  33.4750
-71.29050 -30.62710  54.8750
-72.26490 -32.38420  35.9375
-71.85510 -32.31030  28.7875
-72.07710 -31.80700  32.0375
-72.27050 -32.38560  39.7875
-71.93490 -31.72970  33.7875
-71.43930 -31.55280  45.2625
-71.45480 -30.84060  72.7000
-71.60930 -30.95520  34.5250
-72.05660 -31.73460  34.9375
-72.00370 -31.73290  27.2250
-72.01120 -31.72550  30.0750
-71.95750 -31.71420  28.0625
-72.02500 -31.74570  29.0250
-71.96950 -31.70340  25.0750
-69.89660 -32.47570 125.0000
-71.88370 -31.80690  30.2875
-71.61110 -31.75770  36.2375
-71.95210 -31.69070  34.2500
-71.93360 -31.69770  31.6625
-71.81340 -31.27810  31.2250
-70.55240 -31.63470  99.2750
-71.28600 -30.29490  48.2625
-71.77010 -31.42030  34.0250
-71.39990 -30.87020  50.1375
-71.58820 -30.95330  35.2625
-71.45610 -31.55040  49.8625
-71.45160 -30.68230  45.2375
-71.72500 -31.68990  32.8625
-71.83470 -31.90960  25.9375
-71.74000 -30.93600  31.7500
-71.78400 -30.68770  30.5750
-71.46750 -30.93460  49.7750
-71.71250 -32.29290  30.0125
-72.10210 -30.19420  34.0000
-70.51940 -30.24730  94.8625
-71.37900 -30.70260  50.6500
-71.63100 -30.64150  36.4750
-71.71940 -30.69120  35.4375
-71.74850 -30.70790  34.0750
-71.75330 -30.65660  35.5750
-71.75160 -30.65660  35.8375
-71.69740 -30.68670  30.1750
-71.58170 -30.74180   3.0500
-71.42680 -30.80460  48.3750
-71.46010 -31.45660  44.5625
-71.67720 -31.33370  35.1625
-71.58420 -30.61710  42.1375
-71.65470 -30.40280  35.0750
-71.75020 -30.69950  34.3250
-71.71130 -31.23990  34.0875
-71.71910 -30.67020  32.7125
-69.65700 -31.45000 142.0870
-71.83600 -32.12320  23.2875
-71.60140 -30.68280  39.5125
-70.08610 -31.43620 123.8000
-71.67500 -30.66020  37.2625
-71.75550 -31.07670  32.5125
-71.09470 -30.10270  63.3000
-71.59810 -30.60330  42.6000
-69.92490 -32.46320 124.4380
-69.71340 -31.75610 138.9130
-71.56290 -31.93940  61.4625
-71.65990 -30.57940  40.4000
-69.50290 -31.36040 153.8500
-71.72810 -31.23260  34.2500
-71.70410 -30.64170  35.8125
-69.89140 -31.81730 124.8000
-71.65970 -31.70740  36.5750
-72.30410 -30.27970  38.9500
-71.62650 -31.45730  35.2250
-72.09250 -30.60150  29.5250
-71.69630 -30.71180  35.2375
-71.70230 -30.70710  36.1000
-70.32730 -31.60110 107.8120
-71.63600 -30.61060  35.9000
-71.69890 -30.66030  35.0125
-71.69180 -30.43930  35.4625
-71.19550 -31.89690  77.6375
-72.11670 -31.79230  32.9625
-71.69520 -30.67680  34.8250
-71.54430 -30.36480  42.5750
-72.05260 -30.71420  27.1000
-72.11080 -31.78370  31.3750
-71.21010 -30.53800  56.7875
-72.15790 -30.38360  38.3125
-69.69710 -32.16320 141.0620
-72.15470 -30.58590  32.0375
-71.45680 -30.77110  45.6875
-71.40490 -30.87220  63.6375
-71.04810 -32.42370  60.6500
-71.98030 -31.82560  26.6250
-71.69100 -30.42720  35.8625
-71.97780 -31.69090  31.0625
-71.13510 -30.40520  59.8500
-71.98910 -31.69250  30.9000
-72.12140 -30.02860  34.6750
-71.44750 -30.75970  45.4375
-71.70140 -30.65770  35.9500
-72.05830 -30.14150  30.3625
-71.71080 -30.67500  34.8250
-71.42920 -30.58080  48.6250
-71.40670 -30.78190  47.7625
-71.59830 -29.85360  61.9000
-71.18930 -30.66610  60.0500
-72.11470 -30.31000  36.4250
-71.42110 -31.59820  45.0000
-71.70320 -30.66160  34.8250
-71.58550 -30.20060  35.1125
-72.01360 -29.74460  39.6250
-69.46460 -31.73070 151.1500
-71.22720 -30.66380  56.6125
-71.72060 -30.42070  38.2125
-71.96820 -30.66560  32.2125
-71.90460 -32.13530  33.7625
-71.75120 -31.07380  33.2000
-71.79670 -31.07420  32.6125
-71.92410 -32.13940  36.1125
-71.77410 -31.08200  31.6250
-71.78790 -31.07810  32.5125
-69.93430 -32.34590 122.0620
-71.91850 -31.78000  34.9375
-72.10760 -31.80180  28.3875
-71.79070 -31.08290  33.3375
-71.90480 -32.14210  38.0875
-71.83460 -32.09820  27.2250
-71.34840 -30.77860  52.0875
-71.84380 -32.10270  28.4500
-71.70770 -30.57990  38.4250
-71.69160 -30.64700  33.0500
-71.62950 -30.65750  33.6250
-71.62390 -30.68700  30.5875
-71.67070 -30.59790  32.4750
-71.72880 -30.58680  31.1125
-71.65910 -30.66150  37.8125
-71.68930 -30.66160  33.5250
-71.64710 -30.68280  35.5125
-71.68880 -30.65190  38.0125
-71.78160 -32.22810  32.1375
-71.63570 -30.68100  36.7500
-71.66310 -30.63450  38.1000
-71.63590 -30.65720  40.5500
-71.66140 -31.74520  37.5000
-71.69010 -30.65890  37.1375
-72.18930 -29.84610  33.4125
-69.33220 -31.24730 165.0250
-71.66990 -30.63380  38.4750
-71.61420 -30.68640  36.6000
-71.69860 -30.65010  37.6625
-71.69630 -30.42380  37.6250
-71.56420 -30.64690  43.4125
-71.28190 -31.71770  50.9625
-71.64070 -30.66010  37.9250
-71.72190 -30.44290  35.2875
-71.43680 -30.68640  46.9500
-72.48040 -31.30320  47.7125
-72.11740 -30.15260  32.5125
-71.52700 -32.04860  40.4125
-69.32320 -31.34500 165.3120
-71.63730 -30.28040  37.4750
-71.79290 -30.63830  44.1125
-71.23630 -30.28420  54.1000
-71.39720 -30.84830  49.9500
-71.76470 -30.41940  31.4125
-69.57270 -31.40420 147.1880
-71.57710 -31.23920  39.7000
-72.00800 -30.59620  29.1625
-71.61730 -30.66490  39.1500
-71.21820 -30.53560  56.9000
-71.87940 -32.19210  28.5500
-71.40360 -30.60870  49.6375
-71.64870 -30.34170  37.2250
-71.69860 -30.44320  33.9750
-71.69980 -30.59270  36.3875
-71.65300 -31.70810  38.4750
-71.41890 -30.78960  48.6625
-72.04430 -30.38410  33.6625
-72.00230 -31.67890  29.1500
-72.21720 -30.42560  30.0000
-71.68160 -29.93360  35.0875
-71.66620 -29.95130  34.0500
-71.04270 -30.10430  66.0750
-71.43490 -31.19090  50.0000
-69.61610 -31.75150 139.6630
-71.42880 -30.80820  49.5250
-71.32680 -30.46160  51.4500
-69.72050 -31.14300 138.7750
-71.56370 -30.26190  44.0875
-71.70890 -30.65980  35.8500
-72.12640 -30.20670  36.4625
-71.82070 -31.23600  30.5375
-71.81930 -31.23340  32.4500
-71.68980 -31.48400  35.3000
-71.99810 -30.60290  31.5875
-71.41460 -31.75530  43.4875
-71.70770 -30.38560  35.4125
-71.67710 -30.41620  33.8250
-71.43140 -30.71940  48.2500
-71.43280 -30.76380  46.9250
-71.74330 -30.41130  39.1750
-70.22550 -32.20690 107.7620
-71.97020 -30.44400  36.5750
-71.78150 -30.89830  45.7250
-71.88490 -32.05160  35.5750
-71.69370 -30.37210  33.6250
-72.08330 -30.09120  37.0000
-71.66190 -30.65160  39.9125
-72.05020 -31.75230  35.0250
-71.28890 -29.77620  51.2875
-71.40310 -30.77090  46.9375
-71.80230 -31.23560  31.2500
-71.81730 -31.23070  31.6375
-71.81940 -31.21410  31.7250
-71.37070 -30.84270  49.5000
-72.06170 -31.40960  30.2625
-72.27700 -30.29690  37.5000
-72.10400 -31.77110  34.0375
-71.66850 -31.51480  35.7500
-72.13090 -31.84540  37.7250
-72.11000 -29.90860  34.1875
-72.08080 -31.81450  26.5875
-71.74290 -31.97980  36.8375
-71.71690 -31.49910  33.7625
-71.41260 -30.72800  49.2375
-71.62900 -30.29890  38.0875
-72.04000 -31.05700  26.4500
-71.66050 -31.49410  36.0375
-71.38330 -30.75200  50.6500
-71.44270 -31.42040  45.5250
-71.43100 -30.71590  47.4875
-71.93840 -32.21200  15.0000
-71.75210 -30.45070  36.5000
-71.50500 -30.59840  56.6500
-71.86800 -32.18590  34.5000
-71.93140 -31.82830  34.7750
-71.68370 -30.31960  34.0125
-71.40760 -30.77850  48.2375
-71.63820 -31.47380  35.8250
-71.30640 -31.76220  51.1000
-71.04810 -29.60930  60.6250
-71.46530 -32.42730  33.6875
-71.69620 -30.65630  38.1625
-71.84610 -32.12850  28.5250
-71.85010 -32.13430  26.5000
-71.76310 -30.97510  31.1500
-71.90620 -32.31050  31.5125
-70.44700 -32.13880  97.4500
-71.76490 -30.68720  30.4125
-71.21630 -30.44730  57.0375
-70.94470 -29.71270  78.7875
-71.72180 -30.43750  36.6125
-71.70930 -32.27690  64.3125
-71.65060 -30.33880  35.8875
-69.43610 -30.24790  33.6250
-71.80710 -30.70530  34.6375
-71.48900 -29.90590  55.1625
-71.74170 -30.61580  34.7250
-71.91370 -31.78970  32.8250
-71.34650 -30.62050  53.5625
-71.73410 -30.66000  37.0125
-72.07410 -30.37960  33.2250
-71.38500 -30.73120  51.0125
-71.70420 -32.23070  33.9625
-71.84620 -31.30020  31.6250
-71.72740 -30.67300  35.4500
-71.43280 -30.72740  48.0875
-71.42970 -30.73340  47.6750
-72.16730 -31.82720  37.9750
-69.57790 -31.35230 147.5120
-72.05020 -31.81100  23.7875
-72.07890 -31.82460  27.6625
-72.11740 -31.79180  35.8250
-72.14290 -31.79470  33.3000
-71.39770 -30.61380  50.0125
-72.05650 -31.78630  21.4250
-71.40480 -31.79120  51.6000
-71.75550 -30.62990  35.5125
-71.79580 -30.61970  37.4875
-69.74660 -31.85070 133.7500
-71.81130 -32.10830  23.4625
-71.41000 -31.45800  47.3375
-71.86950 -31.60390  30.7875
-69.59200 -31.38370 142.8370
-71.68370 -30.43750  34.7750
-72.01110 -29.92310  35.4375
-71.95790 -32.30050  36.4250
-71.77580 -31.07330  33.5750
-71.57020 -30.64910  45.0250
-71.38660 -30.69970  51.6375
-72.19780 -31.76490  37.4375
-71.41370 -31.66160  53.7875
-71.50030 -32.35890  20.6375
-71.73620 -32.25130  35.2375
-71.92780 -31.69220  30.7500
-71.96280 -30.66620  32.3375
-70.72650 -32.27970  81.4250
-72.26920 -30.12620  35.9625
-71.74710 -32.12320  29.0125
-71.55870 -30.08340  54.9750
-71.68860 -31.47470  35.2750
-71.41640 -31.59450  43.8375
-71.55910 -30.04290  43.6500
-71.56080 -30.03770  44.3000
-71.49910 -31.97990  39.4125
-71.96690 -29.93720  33.4000
-72.23670 -32.31700  33.8500
-71.89910 -31.04160  31.0250
-71.69940 -31.52240  34.9750
-71.53770 -30.08930  41.5375
-72.14040 -30.00850  37.3250
-71.43270 -30.33200  48.9750
-71.68120 -30.33510  36.4000
-69.73620 -31.85040 138.6370
-71.63120 -30.18570  39.9875
-70.15950 -31.94050 112.2380
-72.31240 -30.23470  33.8750
-71.93850 -32.23440  19.8750
-71.22380 -31.94260  50.2750
-69.61350 -30.10240 146.7750
-71.64440 -32.01890  32.0750
-70.18710 -31.61580 121.5000
-71.23570 -30.65140  58.4875
-71.62000 -31.65330  38.3625
-69.57340 -31.28650 145.9130
-69.37390 -31.67800 161.6500
-71.54740 -30.03190  42.8125
-71.79270 -30.66390  35.1500
-71.81690 -30.41820  35.0375
-71.66900 -30.41330  36.1500
-71.76020 -30.44380  37.8625
-71.72780 -31.04160  35.2125
-72.01270 -29.94800  35.2875
-71.82160 -31.57380  34.7500
-72.28030 -30.26660  37.7625
-68.80390 -31.37250  15.1250
-71.40790 -30.61860  51.1375
-71.83470 -31.61350  35.7625
-71.73820 -30.62040  35.7750
-69.17560 -31.15770 170.0620
-72.23150 -31.24830  35.3875
-71.81760 -31.61340  31.8000
-71.81200 -31.61190  32.5000
-71.45160 -31.54800  44.8500
-72.17220 -31.70410  37.2750
-69.92880 -31.76960 136.6500
-70.06720 -31.79080 119.7620
-71.36800 -31.75760  45.1750
-70.12950 -31.06490 125.0500
-71.37000 -30.72190  51.3250
-72.15820 -31.72060  33.4500
-72.13290 -31.71340  35.2750
-71.69320 -30.39010  37.1250
-71.74110 -30.02150  36.9125
-72.20080 -30.16980  31.9125
-71.91920 -32.42030  38.8250
-71.75480 -30.67320  34.5750
-71.41480 -31.59760  44.5000
-71.42330 -30.71760  49.6250
-71.38790 -30.83630  50.8125
-71.42120 -30.72320  49.8000
-71.43750 -31.46540  47.1625
-71.76910 -30.73980  34.9750
-71.74440 -30.01280  37.0750
-70.07440 -31.06870 124.5370
-70.45090 -31.80320 103.5000
-72.17180 -30.25020  37.5875
-71.35180 -30.40230  52.1000
-71.60130 -29.79420  49.8875
-71.42560 -30.58400  49.3500
-72.12010 -30.59140  32.5375
-69.84920 -31.57380 134.3750
-71.33750 -31.74640  47.3000
-71.40640 -30.79270  48.0500
-69.79760 -32.35890 126.1880
-69.70770 -31.63450 139.3630
-71.58750 -31.78500  40.6625
-69.83080 -32.34220 131.8630
-71.37000 -30.72570  50.1250
-72.17720 -29.89570  35.3750
-71.47630 -31.47460  48.3250
-69.95150 -31.12020 134.8870
-72.01290 -30.58630  27.0125
-71.20170 -30.66150  58.3250
-71.41300 -30.78810  46.0750
-71.24980 -30.62820  56.1500
-71.97740 -30.60060  27.6125
-71.39270 -31.74540  43.8750
-71.95570 -31.73680  34.2875
-71.77860 -30.76760  32.5500
-71.72910 -30.87240  34.0375
-71.80630 -30.73390  34.3500
-71.70530 -30.40600  38.6625
-71.62900 -30.66230  30.7125
-72.27180 -30.13140  40.6375
-72.30580 -30.18590  38.0875
-71.61930 -32.35940  42.0000
-72.33410 -30.18400  37.8125
-72.18610 -30.18570  31.2750
-69.19710 -31.30660 168.8370
-71.64760 -30.66940  39.9500
-72.15380 -31.66440  37.8500
-71.84840 -31.23190  30.4875
-71.84110 -31.23010  30.5250
-71.68920 -30.43270  38.8625
-72.34070 -31.54090  54.8375
-70.60170 -29.55830  91.0625
-71.88960 -32.34270  34.2000
-71.48600 -30.84880  44.4375
-71.36490 -30.74410  51.9000
-71.58340 -30.39660  39.0125
-72.19980 -30.27240  33.1000
-69.61100 -31.68620 144.9380
-72.02100 -31.83450  35.3875
-71.68290 -30.39650  37.5625
-72.09340 -30.37580  34.6625
-71.40570 -31.60800  42.4250
-71.60750 -31.72270  37.6875
-71.71790 -32.23990  31.9375
-71.14030 -32.01490  58.7750
-72.00850 -30.61040  31.2750
-71.69600 -31.53740  33.8750
-71.39290 -30.73040  51.4250
-69.83360 -31.65060 129.0870
-72.06150 -31.78940  31.6500
-72.10340 -31.77440  27.0250
-71.63620 -31.64460  36.2625
-71.62630 -30.22520  54.7000
-72.10540 -31.73010  36.9500
-71.65340 -30.27780  37.6500
-72.07300 -31.73720  35.7375
-71.36130 -29.52550  75.5250
-69.68050 -31.65160 141.7250
-71.42640 -30.78010  47.1125
-71.62300 -31.99700  32.0625
-71.54250 -31.96080  35.0500
-71.16860 -32.06730  85.1000
-69.56000 -31.37730 145.8000
-71.15700 -31.47230  60.9750
-71.69590 -30.67220  35.8250
-72.01080 -31.69670  29.0000
-71.89240 -30.74820  33.8875
-70.58610 -32.44700  91.5750
-72.14930 -30.13490  34.3375
-71.71660 -32.36740  33.0500
-71.87280 -30.74950  36.3875
-69.37340 -31.13680 162.6130
-69.30290 -31.48720 163.5120
-71.64110 -29.88290  37.6875
-72.16060 -29.86750  38.1500
-71.86180 -30.74330  32.3750
-71.35180 -30.71970  52.6250
-72.04840 -30.68440  32.2500
-71.69360 -30.64570  37.4125
-69.79410 -31.62460 136.7380
-71.32870 -30.69010  53.9750
-72.30210 -30.34830  35.6625
-70.84120 -30.34870  82.6125
-71.28040 -30.66850  54.8500
-71.98570 -31.68800  28.7500
-72.20930 -30.31600  36.8750
-69.83580 -31.65020 132.0000
-71.92430 -32.14100  31.0125
-71.38430 -30.96300  74.3375
-71.28640 -30.85800  56.3250
-71.48480 -32.28790  57.2250
-71.49780 -31.92950  69.8875
-71.58640 -31.97900  32.8000
-72.06710 -31.76910  26.9250
-71.60580 -32.31200  34.2250
-72.19740 -30.45160  36.4625
-71.62970 -30.68650  38.1125
-71.72380 -30.44360  36.5375
-71.45540 -31.46810  46.3500
-71.84270 -31.57150  33.7250
-71.32970 -30.69060  54.9125
-71.64740 -32.01160  35.0875
-72.17120 -30.44210  34.6000
-71.72660 -30.63510  44.9875
-71.37570 -30.67310  52.0625
-71.19830 -30.65800  59.3750
-71.06530 -29.89690  73.9250
-71.40520 -30.72760  49.0000
-69.68290 -31.76520 141.6630
-70.78370 -30.20310  86.1500
-71.51850 -29.86200  52.6500
-71.69920 -30.31020  37.7000
-71.99780 -32.42520  46.2625
-71.86670 -32.09100  36.0375
-71.86980 -32.09260  35.5250
-69.69720 -29.69920 155.3630
-69.50860 -31.91230 150.7880
-71.93950 -31.82580  32.0000
-71.95660 -32.16360  35.0125
-71.93980 -32.06000  31.6250
-69.46970 -31.33550 149.2500
-72.01080 -32.09090  35.1250
-71.67920 -30.32980  38.5250
-69.21300 -31.22640 175.1000
-71.42030 -30.73590  48.7000
-72.09600 -30.36980  33.9125
-71.66720 -30.62940  27.9500
-71.35270 -30.73840  51.5625
-72.12990 -30.06500  36.3250
-71.89520 -30.64040  47.4750
-70.92370 -30.56930  81.9750
-71.29420 -30.99990  64.4250
-70.51710 -31.34730 108.5620
-71.11930 -29.50120  60.6750
-70.50710 -31.33790 105.4120
-71.41400 -30.72210  48.7000
-71.58940 -29.89290  35.6875
-71.99810 -30.43910  36.7750
-69.33760 -31.65700 156.2120
-71.43180 -30.72210  47.9000
-69.32250 -31.23390 165.0120
-69.47560 -31.20200 159.9380
-70.71100 -32.11750  65.0875
-69.86100 -32.13910 130.3500
-71.39790 -30.73480  49.4500
-71.76630 -32.21480  31.9000
-71.65610 -30.65580  37.2125
-70.54390 -31.89730 102.5370
-71.70040 -30.34350  36.1875
-71.31640 -30.72350  54.9250
-72.22820 -31.82730  49.2625
-71.38300 -30.70350  51.7000
-71.40720 -30.74030  48.1500
-72.02810 -31.79040  29.2125
-71.37670 -30.87540  49.3750
-70.86910 -29.86940  96.9875
-72.22500 -30.31200  36.0500
-71.99730 -31.75410  30.4375
-72.05060 -30.32530  33.9000
-71.72510 -30.47150  32.0875
